#-------------------------
Termination Status
ALMOST_LOCALLY_SOLVED

Time Elapsed
2169.0322189331055

Objective Value
83.01220588005185

Normalized Complementary Slackness
-2.7733009510289794

Finite Elements
[0.36, 0.31, 0.3, 0.3, 0.3, 0.3, 0.3, 0.3, 0.3, 0.3, 0.3, 0.3, 0.3, 0.3, 0.3, 1.13, 1.28, 1.35, 1.38, 1.41]

Complementary Slackness per Finite Element
[-2.767, -2.772, -2.772, -2.772, -2.772, -2.772, -2.772, -2.796, -2.77, -2.772, -2.772, -2.772, -2.772, -2.772, -2.772, -2.776, -2.776, -2.774, -2.773, -2.772]

Feed Rates
[0.008, 0.011, 0.014, 0.019, 0.025, 0.032, 0.043, 0.056, 0.074, 0.097, 0.128, 0.169, 0.223, 0.293, 0.088, 0.012, 0.011, 0.011, 0.011, 0.011]

Growth Rates [h-1]
[0.917, 0.917, 0.917, 0.917, 0.917, 0.917, 0.917, 0.917, 0.917, 0.917, 0.918, 0.918, 0.918, 0.918, 0.217, 0.001, 0.0, 0.0, 0.0, 0.0]

Final Product Amount [mmol]
0.9550167029647565

Final Biomass Amount [g]
82.32391210705143

S0
20.348387863321786

Process End
11.13
#-------------------------