#-------------------------
Termination Status
ALMOST_LOCALLY_SOLVED

Time Elapsed
216.7155529

Objective Value
145.33210276829794

Normalized Complementary Slackness
-3.054231641209634

Finite Elements
[1.32, 1.32, 1.32, 1.32, 1.48, 1.59, 1.65, 1.69, 1.71, 1.73, 1.75, 1.76, 1.77, 1.78, 1.79, 1.79, 1.8, 1.81, 1.81, 1.82]

Complementary Slackness per Finite Element
[-1.727, -1.74, -0.983, -3.159, -3.333, -3.336, -3.337, -3.338, -3.339, -3.34, -3.341, -3.342, -3.343, -3.344, -3.345, -3.346, -3.346, -3.347, -3.348, -3.349]

Feed Rates
[0.014, 0.047, 0.125, 0.019, 0.007, 0.007, 0.007, 0.007, 0.007, 0.007, 0.007, 0.007, 0.007, 0.007, 0.007, 0.007, 0.007, 0.006, 0.006, 0.006]

Growth Rates [h-1]
[0.917, 0.917, 0.8, 0.052, 0.001, 0.0, 0.0, 0.0, 0.0, 0.0, 0.0, 0.0, 0.0, 0.0, 0.0, 0.0, 0.0, 0.0, 0.0, 0.0]

Final Product Amount [mmol]
1.4838633440950757

Final Biomass Amount [g]
53.06986500010289

S0
12.982017568302625

Process End
33.0
#-------------------------