#-------------------------
Termination Status
LOCALLY_SOLVED

Time Elapsed
397.284164963

Objective Value
84.95276555670841

Normalized Complementary Slackness
-0.15845134855044543

Finite Elements
[0.43, 0.43, 0.43, 0.43, 0.43, 0.43, 0.43, 0.43, 0.43, 0.43, 0.65, 0.65, 0.65, 0.65, 0.65, 0.65, 0.65, 0.65, 0.65, 0.65]

Complementary Slackness per Finite Element
[-0.002, -0.002, -0.002, -0.002, -0.002, -0.002, -0.002, -0.002, -0.001, -0.001, -0.309, -0.316, -0.316, -0.316, -0.316, -0.316, -0.316, -0.316, -0.316, -0.316]

Feed Rates
[0.008, 0.012, 0.018, 0.027, 0.04, 0.06, 0.089, 0.133, 0.198, 0.295, 0.019, 0.011, 0.011, 0.011, 0.011, 0.011, 0.011, 0.011, 0.011, 0.011]

Growth Rates [h-1]
[0.917, 0.917, 0.917, 0.917, 0.918, 0.918, 0.918, 0.918, 0.918, 0.918, 0.021, 0.0, 0.0, 0.0, 0.0, 0.0, 0.0, 0.0, 0.0, 0.0]

Final Product Amount [mmol]
0.9211876058711567

Final Biomass Amount [g]
81.85462636019952

S0
20.229853411089827

Process End
10.82
#-------------------------