#-------------------------
Termination Status
ALMOST_LOCALLY_SOLVED

Time Elapsed
1749.721981048584

Objective Value
146.29789143172144

Normalized Complementary Slackness
-2.264009961504251

Finite Elements
[1.3, 1.3, 1.3, 1.3, 1.56, 1.64, 1.68, 1.7, 1.72, 1.74, 1.75, 1.76, 1.76, 1.77, 1.78, 1.78, 1.79, 1.79, 1.8, 1.8]

Complementary Slackness per Finite Element
[-2.247, -2.247, -2.249, -2.265, -2.267, -2.267, -2.267, -2.267, -2.272, -2.268, -2.268, -2.265, -2.265, -2.267, -2.267, -2.267, -2.267, -2.267, -2.267, -2.267]

Feed Rates
[0.014, 0.045, 0.128, 0.02, 0.007, 0.007, 0.007, 0.007, 0.007, 0.007, 0.007, 0.007, 0.007, 0.007, 0.007, 0.007, 0.007, 0.006, 0.006, 0.006]

Growth Rates [h-1]
[0.917, 0.917, 0.836, 0.058, 0.001, 0.0, 0.0, 0.0, 0.0, 0.0, 0.0, 0.0, 0.0, 0.0, 0.0, 0.0, 0.0, 0.0, 0.0, 0.0]

Final Product Amount [mmol]
1.485619013932257

Final Biomass Amount [g]
53.04002722444927

S0
12.974379834066864

Process End
33.0
#-------------------------